

nr exec = 10 nr_gen = 200 pop_size = 100
best_sol = [-0.1065871389918307, -2.069110261192335, -1.9584866448756806, 3.944770833017844, 0.04033755423007168]
28.032920204909992 93.4483464411384 153.0413500497042
32.48671971235389 93.08478795868483 146.5374895167968
33.22453752221778 89.434565572885 145.84510564859207
35.24488468141809 92.03793148264562 147.63562293309204
36.1670647062389 90.1520189366343 145.36380600681454
35.91677234073867 91.53513849671953 146.25458794113663
37.65779854429734 93.44571207070605 149.24968207594466
37.37381572717361 93.61532386042714 148.54181543205374
37.128956023516906 93.03163038893271 148.30163973303473
37.22892169912462 96.0069011668259 148.09469830613003
92.57923563755993
1619075322.7570567

nr exec = 10 nr_gen = 200 pop_size = 100
best_sol = [-0.23678701380642764, -1.04562832503255, -0.9484809953884863, -0.8211486546689812, -0.523809482949102]
38.66127810913646 93.50908204418405 153.08669864983878
39.02489147243687 94.74409562293056 150.32989121615788
38.54589261925123 97.1857118977557 152.29829968450812
39.30091991392295 92.81866458092522 150.62895550577687
38.16311040687564 93.85106541629861 148.07387438926236
37.75891357101724 92.40349052462838 149.74362445139855
37.08462552289835 92.89360463963376 150.97419064284935
38.41646571131874 92.77590612845952 151.544920837
37.467324579576 92.93103739123731 153.01640027928653
37.86892446995551 93.3572246172298 153.150702516029
93.64698828632828
1619075689.2513146

nr exec = 10 nr_gen = 200 pop_size = 100
best_sol = [-2.857376575701674, 4.0211088012298815, 0.11533882537023388, -2.0119815178638296, 2.882919536226937]
45.675250116171426 92.73239039174351 145.182417332845
42.17407077491457 94.59388780680123 142.1225386026876
41.50252782871281 94.88055344837299 143.6021073823562
41.63153479173504 92.53585922751873 149.17954668314013
40.641625069096285 91.60069703325247 149.56523461151443
41.57603495660257 91.4336161233647 148.81761062967135
38.47650322555681 88.85350709571668 149.8804447824491
38.00082744888639 88.65559746682638 147.21011959413187
38.15952005287764 89.47905672122454 147.67525241385496
38.35856277017962 91.78399931795009 146.2963141836617
91.65491646327713
1619075894.9125073

nr exec = 10 nr_gen = 200 pop_size = 100
best_sol = [0.9908598709368404, 4.1415956355534815, -3.2542788027151732, 1.081373261397105, -0.9207516447056694]
47.22383285949998 91.80341061437016 154.8105476749963
38.7923489308007 92.5361108639663 157.4514743153341
30.434768328464727 92.14282706629858 149.88478981334472
30.667925242866552 89.67923513162332 145.48798585430498
30.51881993937824 95.1324099816228 150.4170157288037
32.53254940013774 92.71177561199842 150.64427205819405
34.65078588997921 93.01845796920641 151.18324764685954
35.61855428393015 93.45102793882933 151.51499495122246
35.826387896536424 91.27273931230106 152.09639754786636
36.87350235634862 94.24325898007945 152.15145375659012
92.59912534702958
1619076090.7168534

nr exec = 10 nr_gen = 500 pop_size = 200
best_sol = [-0.9068135122496326, -0.8005507727189887, -3.1831654111193552, -0.07758125277788164, -2.157598630309177]
36.402289917858695 87.62086935390043 147.87541540547574
34.969173160009134 91.63148128680288 150.99199442564952
32.951394560172055 92.4589725819756 151.41651482820953
30.82189424929956 94.42616525381365 153.57932006275993
32.2395192968212 91.78559097471069 158.2875902802663
34.57826119931662 96.24594722798003 158.4640043069984
36.24609088653095 92.24435473154206 158.4973441280792
36.89168642507426 95.03480789073305 159.2022501511311
34.54167532945437 92.27551165975468 158.24994341901242
35.016913775891496 95.20117439820997 158.25257383395942
92.89248753594231
1619076671.3679044

nr exec = 10 nr_gen = 500 pop_size = 200
best_sol = [2.08533393422573, -3.95684031029748, 1.8152709716926294, 2.190908061256283, -1.870748500522427]
48.87400068331299 94.08183000221486 149.7363332185982
33.178774551867846 90.56354178838278 148.71352914215458
30.737373112500965 90.75983333001203 152.23149233776937
31.05873868174661 94.16670211854957 150.66394693842764
32.94940653391817 92.80347884472371 151.11119679418687
31.54388074139139 94.3012140010227 150.9031648609969
31.24980632359804 92.32938652379319 151.69539732452617
31.18994180111456 92.46910833991812 151.54738889142192
31.81067751902617 92.7835546445355 151.42668914919352
33.074253171280766 93.55916068005838 151.8265531206316
92.78178102732109
1619077595.765375

nr exec = 10 nr_gen = 500 pop_size = 200
best_sol = [-0.9944649664689358, 2.092193859978112, -1.0806062460045176, -1.2925204225700155, -3.076261603233754]
34.32688538718189 92.25535703249689 160.7963266133565
36.62687332801946 92.2756521156624 154.00488175641397
34.173432073440075 92.58792640842344 151.23223813294115
32.81087771569887 94.59002355613468 152.2257249915803
34.364223930363565 93.95673389508212 150.5004592334814
35.176725541113704 88.78822834699267 149.9697296903576
34.885089712106186 91.92211174503076 152.94732670861157
35.09683822117513 94.68825315760418 154.00888032587375
34.79713312085825 92.97216127285407 154.6771039036437
34.7091947914255 92.9031548710336 153.76922693380942
92.69396024013149
1619078503.7980378

nr exec = 10 nr_gen = 500 pop_size = 200
best_sol = [-0.008892189545447238, 0.9994843521115806, 1.299702738030435, 0.22420396325986314, -1.9638632884906873]
28.326295051468797 95.37980309469324 154.82695048026437
34.595692840226114 92.43774542707929 154.00775879391588
32.28054170642349 92.29280084891074 153.18625815389893
31.572153081852395 94.66781095395233 153.76377957991548
31.705146969715667 92.99370492090591 153.40163830978247
29.846410521454953 90.1190472733531 156.3942458390995
30.846952537140243 94.05407906192909 154.93284998307197
31.41467572324988 92.66467668220673 155.7208377520331
32.90550413612319 93.79017467999803 154.07425761254783
33.19393006633943 92.27385835206938 153.61066516558412
93.06737012950978
1619079421.5497515

nr exec = 10 nr_gen = 1000 pop_size = 200
best_sol = [-2.074308513369964, -0.28634462479126643, -1.1433996098512034, 0.04929393254154757, 2.939661414567026]
32.647942508393086 90.61667545920267 150.19601407118586
32.71103030474064 91.0395491072558 156.642143240231
36.5027662865778 95.30295915120256 157.90471246934524
34.068553234906375 90.86592679677906 156.2523428541764
35.03065665632041 92.15710837806238 154.75300785424446
32.656664557568355 91.2022389658044 154.33252683345955
33.070093211104236 94.2585786259492 154.54356568358955
32.37912804448198 92.65823291166042 156.16135149537254
33.45895531536158 92.95264707891207 156.27776242166766
33.080041691990104 94.11626006831241 156.3937595880024
92.5170176543141
1619080709.257352

nr exec = 10 nr_gen = 1000 pop_size = 200
best_sol = [-0.8869469512901276, -2.858464285897227, -1.9714406925504067, 0.9632101065003233, -1.932565483312692]
24.93643714731035 93.27242204060772 144.74301867397034
30.65911830311725 94.23248246031187 153.99927052278332
32.73526505248757 88.94709788796466 153.74457817828127
30.67711548528473 91.01877351226099 156.0149575050582
29.131701096154735 92.95486516195628 156.37688473394664
31.079433478890376 90.60389914961577 156.68758383621426
32.14688149676555 90.58150863556277 155.7382393541483
32.10159475079691 93.80968823583682 154.3995436547959
31.902837827715683 95.57347644052163 155.3153673546654
31.410013140072675 92.88536065044045 155.58296872872674
92.38795741750789
1619083437.0386171

nr exec = 10 nr_gen = 1000 pop_size = 200
best_sol = [-1.9878260924293216, -0.9607442545471416, 0.9956624399481484, -0.8814723002115388, 3.8129059847390527]
30.313581779346265 91.0488955923792 139.14205638623707
30.13780742204402 95.74865754492549 153.62707469049172
28.845686122381753 93.88208309475255 152.2442213350958
28.693909340281255 90.66222752407006 150.00301756988324
30.789392974974106 92.04550707054509 149.67943190414354
29.093325499028055 91.98182154805762 148.6756669063854
29.23559848417275 93.04031707396884 149.98896127576577
29.294299511379982 93.1805238680232 150.04708454400551
29.981907619713486 94.07520989858433 151.42426872767754
30.10171123948997 92.6586202948053 152.08252627101197
92.83238635101118
1619085208.890875

nr exec = 10 nr_gen = 1000 pop_size = 200
best_sol = [-1.880070629283316, 0.10296826320934471, 0.876702974135509, -0.898835753744871, -1.24826638447204]
26.10587767332685 91.79365166151548 155.74718143762294
30.613060306843952 89.79416952925816 150.6687052783601
27.88624963141525 93.71670570410909 160.9898998886725
28.496533993377852 89.96862494209226 158.79959982753533
31.22944400036558 91.83140523873374 156.73401321217597
31.042629624779185 93.17866681101025 157.0098053982606
32.96846186706858 95.25044317265159 157.66549938247633
32.705861684037124 92.94970332657466 160.38361486427235
32.719111112589786 92.57497657776764 158.8726912987211
32.43258256735497 92.58529588149908 157.66563516884582
92.36436428452119
1619087120.4584942

nr exec = 10 nr_gen = 100 pop_size = 200
best_sol = [-2.5157002842858627, -1.17144233262521, -1.1679859457156012, -1.8361272304114187, -1.809845957127933, 4.117866197032407, -1.9159368130899201, 1.0684492792085596, -1.697225523796777, 0.7030369547412922]
113.37435829873647 184.07856555171787 286.9687952631577
113.75586386507527 188.447577184738 283.0532727150978
106.0852763236141 182.59306729308048 274.28402267249163
102.277159877715 185.58778112555723 272.0596163897582
100.1222968836149 191.00517865279838 271.81243702027206
101.19565227926508 186.5082865048337 273.27536456819865
101.19034904484836 186.82536411112972 274.07495123577576
102.75850119643816 187.76548993944368 273.66553550363125
101.60716063983094 186.00662046895053 273.1421687793912
99.89400351127583 184.72798087568702 274.7740049159713
186.35459117079367
1619088355.1203463

nr exec = 10 nr_gen = 100 pop_size = 200
best_sol = [1.0806924080722027, 2.7191326853199884, 4.11966734175271, -0.012099617767940885, 3.9934132568493785, -1.9718586915587752, -3.259079932183761, -1.7555565995463338, 0.2283389976970298, 1.8312661128735455]
112.53012849913964 183.28025785671838 276.4204672422261
98.7040628273571 187.07584361418176 278.6784293536366
96.4372853908683 185.40930090507516 277.59422450033304
100.82330101475624 183.54639079106713 287.7511736015113
101.56132949747006 186.11424484683045 284.97915825826794
102.16501200491886 184.74681149633727 283.7798192086586
102.42911558051581 184.94394733493547 281.9076725631658
102.28242712745819 186.8654244837865 281.97472200746927
102.15001689081468 189.18050292688383 282.1035981935488
102.84028471379558 186.3645733944071 282.1147585958706
185.75272976502234
1619088735.0086994

nr exec = 10 nr_gen = 500 pop_size = 200
best_sol = [2.07283150417713, -0.9429542639304547, -2.100929903545283, 2.101548756654637, 1.8790625131839978, -3.0139073050056484, 1.9416410262461907, -3.2088257737932726, -1.1110371319618455, -3.1514490350189885]
74.86743869997966 186.67248610429064 285.78542085746244
92.83651426324907 181.95156345540784 269.33670148120206
94.74364876510896 185.34996604080277 270.04820795248924
95.3949077406894 188.93049128099324 270.3590895491052
95.53053273838778 186.60133034633955 273.49422231522414
96.798256426222 185.44962346897327 279.203688642718
96.0231060015755 186.35484984207622 279.12564443142315
96.0974900564429 186.60411931044646 276.50873471039415
96.20078424338104 182.31643709060668 274.6533549190064
97.89778752196818 182.42121994384692 275.35874806869526
185.26520868837835
1619090492.0651078

nr exec = 10 nr_gen = 500 pop_size = 200
best_sol = [-1.6627187846995763, -1.2201695818634244, -0.551371654636176, 3.030628252561601, -1.7403863745220178, 2.025516852600938, 2.1102050807893677, -1.2680549603368592, -2.1937095645710154, 0.09992783221811763]
107.38581773757177 185.6068687335368 279.8664558515372
104.19654834712955 187.84533990467435 278.4249409822188
106.79646006802882 184.48159236971694 279.61789125360923
108.93456488305026 185.31868736732585 278.79863301713596
110.62745062494949 186.43600019681514 278.50731325370145
110.65542296442123 183.08688610703888 275.6910894334952
112.12731355867231 186.61715932172447 275.4461104413572
111.52961990695454 186.8237372205901 276.7429148799051
109.3578246205896 185.38465674856945 278.93382998461834
108.53734248466773 181.90004754863938 277.012748500268
185.35009755186314
1619102210.3309696

nr exec = 10 nr_gen = 1000 pop_size = 200
best_sol = [3.1320197685444855, -3.7327322581266005, -1.7490504891054024, 1.9618190412575451, -0.9631522879188958, -1.1344899431685893, 0.15619898444343416, -1.270404996184658, 1.791050920623027, -1.7844837028351699]
100.22184821485456 186.76412972892334 292.98696731137176
103.06998378692978 187.25761319458314 280.30929993352913
94.27378338294358 181.03745537329812 282.1971165089779
95.2013197743686 179.28674839055486 279.89483361494354
99.86676918113722 185.07336991938067 276.251013811347
98.50529125422041 187.30093695973446 274.2305759469058
97.62605971118025 185.54639522437608 275.6038572573106
97.12133559323695 189.6387242524658 274.9560844229353
97.88803432230226 188.64619010172697 275.287735964143
97.93032017684234 189.04860056224518 275.8761974385399
185.96001637072885
1619104732.6857324

nr exec = 10 nr_gen = 1000 pop_size = 200
best_sol = [0.07348866826181144, 2.0330812037168036, 5.065753715690705, -3.9293296306802095, 4.017750867647744, -3.1664015167905175, -0.8451533903117312, -1.846801106567416, 0.22812264106032742, 0.9403435741503188]
102.57243296065145 177.28753374194773 261.90219696253155
100.61107615279738 184.91573049405366 272.89378796352406
98.90292436365495 186.41470070248076 270.813068326577
99.87804021274698 185.65400294190383 275.6561291407066
100.84098899083459 188.99655912787404 278.47941144743805
97.27637884045987 185.48661903378468 274.98306755651794
96.73043339450156 181.14058581158432 274.4551327475741
99.45236953861118 182.2440546901464 274.1869726734928
101.18414004725634 188.25130326890854 273.3293411374754
100.77136577667981 184.0738117666603 272.1609486714099
184.44649015793442
1619107838.2891598

nr exec = 10 nr_gen = 1000 pop_size = 200
best_sol = [1.0197938848014143, -1.1258711837961481, -0.15997402719752163, 0.7123637962100577, -0.058690320392526196, 4.432622652751475, -1.2816503827467067, 2.7898462102076564, -0.1670630964348092, 1.5962259335756857]
117.05837719888301 183.04471447194427 273.60161113050066
108.44503810257527 184.93952870628806 270.1217284576579
102.46766051190839 186.73191895996325 269.0930080746254
103.4290930639591 188.0982764384435 271.01499193847366
100.90427985370175 187.17841749969136 268.237843119647
95.280271072387 184.13293753977584 268.40613106517816
94.75930960096282 185.8887054938051 267.9745829254541
97.41151847130598 188.3836559039754 267.9883223827503
96.80315707138921 182.15967171487912 267.9555100218096
95.56320251863949 182.04543191741948 267.9621238990099
185.26032586461855
1619111141.4501448

nr exec = 10 nr_gen = 1000 pop_size = 200
best_sol = [-3.6609843362554138, 1.9033167757669789, -0.8653453346087137, -0.8936354646793987, 0.04397461233032374, -1.132079795145437, 3.1442966591693677, 2.0096768367284783, -4.431339122044399, -1.854827780907308]
109.92334352719357 186.73950504173214 285.8020338754103
99.79934107568691 181.8763574181351 273.6895880401722
95.38428064746114 184.410497719946 276.15388742781016
89.96018715296651 184.85493147117296 272.54033955131683
93.38508763550226 189.4926415542431 272.7452958852954
93.17420190596066 187.7894831917737 272.31805205852294
96.0260584020874 185.88318495018808 277.91990488569223
97.83651403991831 186.84791459323657 279.6760753673227
97.65943145756275 182.73669475008435 278.5685318014476
97.19938269069559 185.33620418029219 278.03492550110985
185.59674148708044
1619117994.7202048

nr exec = 15 nr_gen = 500 pop_size = 200
best_sol = [-2.4140088536993436, 2.2123477985462126, 3.17044137141957, 1.139287126358524, -3.0567491789671966, -3.822471872978711, 2.031479200099449, 1.810523910935001, 0.09185007247262433, -1.0003275930772864]
103.80441111172847 186.12575415876952 267.32631275962177
103.26303421560796 184.80938732440578 268.99573355884695
101.75806469621915 183.5814204371376 275.363307571592
102.40512805518989 182.5780347956024 271.52820960378295
101.40680406252766 183.92321249478843 273.72785482934614
100.6730858250004 185.68114762969122 273.7547350623338
102.52053715489936 184.03809607840446 273.1219564071556
103.15181286738976 187.1417800784996 272.0043401007586
103.08413541348803 184.69065244366251 271.69974673624915
102.16456507392385 187.62115181192345 271.1720660360935
101.54626421930779 189.354693337013 271.059809201555
102.08115214849856 183.2208514263476 269.6697050652933
102.63802976280566 184.95472065084712 269.7422995181252
101.25928220559506 186.06776798557354 269.2079716236542
101.23840852813052 184.08560100465647 269.1368124051968
185.19161811048818
1619120936.110458

nr exec = 5 nr_gen = 1000 pop_size = 500
best_sol = [-1.0180313621402721, -0.9678763391535732, -1.9026445582444818, 0.8397607227744208, -0.8903356005914036, 2.443529524785462, -0.8686590575091975, 1.7829115303474534, -3.234357980967582, 1.8444588407500033]
83.84087435956128 185.05750222763214 275.83330476456797
90.47098340864704 185.60890174607616 278.2786673451877
93.06828746474707 183.69751254214032 278.89211638621686
88.44263675049267 186.7314087730387 280.3165160589182
86.81562356027746 183.70637764591746 277.51395933801496
184.96034058696097
1619123804.9249282

nr exec = 5 nr_gen = 100 pop_size = 200
best_sol = [0.0149525827617955, -0.005385948652785491, -0.001041810704850224, 0.9900815989247749, 0.9982291194032664, -0.0007742247778397921, -0.010764324882114686, -0.005866897404484092, -0.0064485213085418314, -1.0003801979591762]
3.0860116780489086 19.363203399961787 3.9685740296289627
3.0931605871214103 19.81297926759132 4.0125310195731485
3.0790513441879317 19.993091446458795 4.0786041314982215
3.5651361679047864 22.005955815936595 4.514937219236964
4.851427373149134 25.754391749947207 5.770409846957584
21.38592433597914
1619470201.0399578

