nr exec = 5 nr_gen = 100 pop_size = 200
best_sol = [0.9865758725180496, -0.0047797027850258085, -0.98091178336501, -0.0033743270706115894, 0.0029516478456533286, -0.0035778234772643937, -0.0020745612359295423, 0.013554230413553133, 0.9981039221363245, 0.007525689292043183]
3.099399685369484 21.117931094230748 3.878997959627636
2.5827801906075694 19.514947064012617 3.3812884107659853
4.066859963808648 25.09205954445348 4.926517918800166
3.8148265404991295 21.02044910416494 4.678952364775712
3.4658697990804193 19.61994572569759 4.423740991945179
21.273066506511874
1619470572.3517902 #copii

nr exec = 5 nr_gen = 100 pop_size = 200
best_sol = [0.013759930002398946, 0.856000954890948, 0.9086871262886245, -1.1142886883113634, 0.8831626438820215, 1.2944848248391851, 3.1572128443226566, -1.8452393491702863, -0.9528953785664713, -0.20378666739259765]
59.27544482345903 123.90886435297534 202.74114213510373
60.6372555960003 121.76681313923939 214.48913393037583
65.71914646711178 122.40737923215929 212.71081590412442
63.56366726582142 121.91279427000623 207.65381753269082
61.09912883351775 123.47359890845719 202.34474165925985
122.69388998056749
1619470970.0856922 #copii

nr exec = 5 nr_gen = 500 pop_size = 200
best_sol = [-0.9958110762657443, 0.9932346532456713, 0.0006378803673453549, -0.9933270625413664, 0.0003856608955773947, -0.0009201351011620821, -0.9923201584713471, 0.9944827156988871, 0.001922236413714415, 0.0010620416059934827]
4.978716555640505 8.627472908418934 5.010602116061863
4.978358327392812 8.429316326693513 5.013864241897134
6.636027816060101 13.219720967380733 6.672005300929175
6.470402834499335 9.207644614120136 6.506065683863626
6.370650275094879 9.31668934970554 6.4063170122013755
9.760168833263771
1619471448.9018912

nr exec = 5 nr_gen = 500 pop_size = 200
best_sol = [-0.01067431118431994, -0.008601213180220224, -0.004680291385471709, -0.02080367327770349, 0.003116260781332647, 0.004270186570134827, -0.011709483529245723, 9.499467472073864e-05, 0.006083909951811961, -0.0012989607696743308]
0.16776936473779536 9.105077605388553 0.19509029119914523
0.18066839432121995 8.328777464185341 0.22507018740675733
0.16759049575720475 8.51077192688052 0.19722416115189212
0.14834403820334563 7.6290785786697 0.19643160476220656
0.1297281606378995 8.353204659548567 0.1682464406721884
8.385382046934536
1619472569.888271

nr exec = 5 nr_gen = 1000 pop_size = 200
best_sol = [-2.4737302411661187e-05, -0.0005867794476837052, 0.0007535033228766243, -0.002504048256839496, -0.0016399795202599043, -0.002788798652671079, -0.0001380276563702097, -0.0005610561348960985, 0.000990789471382092, 0.001934407309211324]
0.004504870822081841 3.974027521627775 0.004504870822081841
0.007294031334931894 4.171945176799946 0.007294052316114907
0.009515879931134563 4.798627111476568 0.011377230782751843
0.007337507588582426 3.8004960824392757 0.008933287061369644
0.007476356202669265 4.725108202157718 0.008753454431955632
4.294040818900256
1619503636.7557375

nr exec = 10 nr_gen = 100 pop_size = 200
best_sol = [0.9939640940284598, -0.01610582950058914, -0.973859521346014, 0.04333660279982077, 0.040525663959861014, 0.01911563387181764, 0.025732232690901524, -0.052222939104916044, -0.997564337393408, 1.014171694069245]
5.628145363423746 35.874914605767046 17.943494063089137
5.887711005166767 36.11442758611606 18.147988462129433
6.37810060245381 34.6037835896684 17.21430774803884
6.503618799890269 34.22893040097672 16.01299185579438
6.1465571755636415 36.045707273531875 15.620659390838933
6.148134851908004 33.67913026085662 15.30046372078283
5.800782514994025 31.902484961728884 14.761334422134203
5.738453229627892 34.1937540972194 14.96408505103995
5.921902759980736 34.408675574999535 14.851655539632926
5.8902523416028725 36.307196181505695 14.863056171126479
34.73590045323702
1619504903.240363

nr exec = 10 nr_gen = 100 pop_size = 200
best_sol = [0.0015391424582176115, 0.9906052491135917, -0.004016467012363093, -0.0017486738144292602, 0.0031940068871763637, -0.00023173988873060176, -0.0027362391115899353, -1.0036290330729964, -3.1478335799420536e-05, 0.0041232483321453775]
2.0197562212816216 14.185764185755364 2.109436154711407
1.5158909502764697 14.096432960743037 1.6132722239872637
2.68055163500714 16.105519373753086 2.7738837126907954
2.7669484311651793 15.489133615959776 2.857151639696477
2.6188333992344477 14.772350800826196 2.708654680635724
2.851620463345403 16.20659442111845 2.941720909186516
3.584039741150515 18.976272728105624 3.6753634246433933
3.512242845074569 14.953596141206349 3.6049876077711325
3.678902761491715 16.543753563486042 3.770909966744674
3.712064272480491 16.263696524808726 3.8037798433041643
15.759311431576265
1619505292.2430058

nr exec = 10 nr_gen = 500 pop_size = 200
best_sol = [-0.0012590077093004304, -0.004279033538747257, -0.005662458822067304, 0.011218597865719104, 0.02149474218940447, 0.010671040692411538, 0.0016439094380196195, 0.0006504179781105963, -0.0153014826113675, -0.01006307488057967]
0.21649079433100304 8.422897395727247 0.22842447492237206
0.13357018282944289 8.363409372923853 0.15290678269700475
0.1250624257696392 8.087366754328002 0.1418880509171417
0.10723585048635575 8.07720027022336 0.12631003882433234
0.11624868233609079 9.510887728928326 0.1577938530784227
0.11848676576272184 7.811751653149719 0.1562342513683029
0.12860155192297462 8.415038201863819 0.17888068980083258
0.11806894954185676 8.39344015533389 0.17330170657487698
0.11837788492318484 8.634285238287505 0.1745538157318324
0.13035871106744423 10.767767640255146 0.19151455759183927
0.108404441102086
1619506255.7005389

nr exec = 10 nr_gen = 500 pop_size = 200
best_sol = [0.9956258751780181, -0.0010556165091410866, 0.00040816236979608216, -0.00013743895585846744, 0.9946313895554886, -0.000663273004288416, -0.000255978626979103, -0.00031657068719674586, 0.00133645575011473, -1.9904065756966556]
5.970639593941831 8.210845945346488 5.9725735293947935
4.478091936551378 5.311044852018964 4.4801648961234015
3.980612309547665 5.247964195332723 3.9827057584952503
3.7319509258007466 5.5073434547605356 3.733989202764886
4.1796268915417 8.427913092376524 4.181723992302045
4.478150873129864 8.345280394058294 4.480187069945672
4.4070619331315655 6.052541682246712 4.409119185374675
4.353750198384871 6.691500776720877 4.355808304788466
4.312297646688145 6.530035331950347 4.3143539958148684
3.9806325346979117 3.653954485156372 3.982695800510001
6.397842420996783
1619508000.8659844

nr exec = 10 nr_gen = 100 pop_size = 200
best_sol = [0.9103079124171938, 1.0839422994100767, 0.9947215638837426, 0.08658334266931933, 1.001232899776594, 0.9740420805709036, -0.048575828080624994, 0.01654294240853919, 0.006457220001045473, 1.0031495979398304]
10.974558590084687 40.85151832817383 23.05636069033028
9.840621545785487 45.294083435830004 25.141707536721558
10.948807989194343 38.85917935916779 25.612687451666034
9.660577615076566 43.55589994247851 24.345085013066555
9.490278530222445 40.11748012996392 23.32369211361311
9.415709409128652 43.20775186671135 23.341601595170232
8.727191969924856 33.57936232106486 21.89665331734236
8.621748224093393 40.310843614736484 21.742084916688952
8.475453006870394 35.786265168446675 21.206238065723117
8.11630319270218 38.639633212051415 20.65127604957531
40.020201737862486
1619509244.1016326

nr exec = 10 nr_gen = 100 pop_size = 200
best_sol = [-0.0009903505523029853, -0.9917862078353793, 0.0044615796817750256, 0.9909905481810195, 0.004707998467578739, 0.0036040762067921644, 0.0005250634321979138, -0.0031607777393671734, 0.0037716270294526734, -0.0018629259924888703]
2.011699239183244 13.593581715198598 2.1058320250152356
2.511303638471161 14.397220895477616 2.603453797615507
4.0033154730866185 17.189541784235 4.096155605527638
4.2533432750549665 15.493319311741956 4.3444961325809555
4.604871999232048 17.076905063297858 4.693348403767461
4.173044981964795 13.901534886151756 4.262277920707146
4.576848710372967 18.2181627140259 4.665834360421347
4.2583207680890025 14.386869895783994 4.3457956030544995
4.894350995898678 20.40452601643915 4.981820418853686
5.401329678940337 20.669113520311843 5.489999503346608
16.533077580266365
1619510492.8122432

nr exec = 10 nr_gen = 500 pop_size = 200
best_sol = [0.012606546823692888, 0.006599832214359225, 0.014672479631055078, -0.003028575118491265, 0.013910858952420922, 0.0026476080748377767, -0.0072582669648581215, 0.005150231564859059, 0.0070124143632860035, -0.009272137433197413]
0.16692816851872827 9.31136296359297 0.2962048991845325
0.16870940695415904 11.588502335108002 0.25251499612635
0.3374230878695232 14.331732020349875 0.41307918430817087
0.3029846445623492 11.31130500438339 0.3821491114699618
0.27138165345800935 12.479560641609202 0.3385578071463563
0.2576554104149533 10.952713887020714 0.316132228233809
0.2500474000661814 9.877622330508546 0.30054943744169066
0.3017454347680031 15.914163066194323 0.3812782102939509
0.28805827862447964 10.710520565583808 0.3847568107808165
0.340104314022485 12.650547347300835 0.44540494947134557
11.912803016165165
1619513042.1126435

nr exec = 10 nr_gen = 500 pop_size = 200
best_sol = [-0.9961854924854548, 0.0013945120522084096, -0.0009322099641455557, -2.362217032182809e-06, 0.0005871411845759469, 0.9952907620622159, 0.9950991587069712, 0.9947037197290761, -0.0002327162265860903, -0.9958624862693432]
4.975931798031262 7.20989914446268 4.977675264098776
4.975866815546421 6.943159143046753 4.977623470350188
6.302295433625235 10.96912574868906 6.304211355519722
4.975651610593223 3.3407733168710916 4.97758600365943
4.776629357143975 6.393582797713624 4.778615389023517
4.31232754517395 4.235367195482086 4.314275263845183
3.9806834315349713 4.400972667379205 3.9826255941933644
3.856314783193646 5.415146919639756 3.858244518465907
3.649014265401244 4.274421336870675 3.650972280529037
3.4832074404459825 4.237962445937178 3.485146197386347
5.742041071609211
1619515045.0893219

nr exec = 10 nr_gen = 100 pop_size = 200
best_sol = [0.0067387979837088, -0.00031983995949716297, 0.001837731091191799, 4.9520604025500956e-05, 2.5510404368722702e-06]
0.009698719234707553 4.846054742565819 0.009699148659672474
0.007482567081296132 4.947247914026847 0.010752828517961888
0.005884840722369944 5.586045861856978 0.009997405556936437
0.005020913030923335 5.84318089210732 0.010308947696620052
0.01255627440652134 5.130301596909693 0.030608198767911432
0.01139296409732212 4.897975616632573 0.03718874355652909
0.014694317239196104 5.74385260579126 0.03875424773289587
0.015448674192628964 5.918151565299428 0.03752979787181543
0.013912175231543719 6.287975111447877 0.03359037896289843
0.012837033872865966 4.647585261894084 0.03054743240141331
5.384837116853188
1619516215.8272095

nr exec = 10 nr_gen = 100 pop_size = 200
best_sol = [-0.00196410211032095, 0.0012222824712254878, 0.0007010986003876249, -0.0023270698325049207, 0.0022337306275629154]
0.0032234315993289187 4.376250553127188 0.02575440117804284
0.003352307519552511 4.33494536776172 0.025725073503262585
0.0029836269940795765 4.7325965983667935 0.025390284538611734
0.0031343415193760826 4.220822629441027 0.025387838197562296
0.0030961663933442908 4.159263304663356 0.025380554495959374
0.16894338996213007 4.634101087993196 0.19129371988947833
0.1449791099286156 4.524094993201484 0.16771122281854087
0.12734144341047848 4.279767175420996 0.1499016689418835
0.11360520220807896 4.340979420330268 0.13617311271114316
0.20205586893361058 4.8511100121935975 0.2246807573475113
4.4453931142499625
1619516493.1442914

nr exec = 10 nr_gen = 500 pop_size = 200
best_sol = [-8.118151674904287e-08, 4.969604635068163e-06, -7.045903958544678e-05, 2.3725888031786077e-07, 1.125747337924131e-05]
1.0149673208559307e-06 1.1245132735862642 1.0149673208559307e-06
0.00013145211746401486 1.329480150489954 0.00013145211746401486
0.00044154039622590346 1.0688750924039352 0.00044154039622590346
0.0003331409034941224 1.2186803289893449 0.0003331409034941224
0.00027995894816861265 1.066764223818964 0.00027995894816861265
0.00031653574431977916 1.0388616064101386 0.00031653574431977916
0.0002760882358879359 1.6242939969590418 0.0002760882358879359
0.00026568457633469045 1.1266564251671112 0.00026568457633469045
0.00024583919398798076 1.3160828244792817 0.00024583919398798076
0.00022632614615289982 1.1825899324295392 0.00022632614615289982
1.2096797854733574
1619517128.7914436

nr exec = 10 nr_gen = 500 pop_size = 200
best_sol = [-0.0003228518691252766, 0.00017730600360730387, 0.0001604981171828219, -0.0001813206919486481, 0.00027358713940276905]
5.33987079638365e-05 0.7987623183888509 0.0004894245511888329
0.49753845279400455 1.7912876063317933 0.4979713718587595
0.6633696356703176 1.777674236597895 0.6637954123029376
0.4975342681104906 0.9107942763578846 0.49796754427183076
0.3980368116276697 0.8545038944393512 0.3984652936782968
0.49753888577140754 1.8528123792137126 0.49795793266749744
0.7107403042424225 2.796464636026527 0.7111629168980951
0.621905964975423 0.9005410168430206 0.6223249662338983
0.552811219687979 0.8262187182693258 0.5532330587435
0.597027757216867 1.7968725658148008 0.5974572517984967
1.4305931648283159
1619518428.9339879

nr exec = 10 nr_gen = 1000 pop_size = 200
best_sol = [0.0010733715728683992, -2.377067141878797e-05, 1.2232186302085779e-05, 0.00017726641304349755, 8.161876079774155e-05]
0.00023626947440646973 0.5449760761505588 0.0002419114024778679
0.0001219698817873649 0.5468270462021457 0.000124790845823064
8.13140384140117e-05 0.5579108810356672 8.319468110447777e-05
8.203543048734829e-05 0.5640117547686613 8.344591250519784e-05
6.670444839222967e-05 0.678222258768173 6.78328340065093e-05
5.6416589586364786e-05 0.5995270678294353 5.735691093159782e-05
4.850166531942891e-05 0.5474996627545973 4.930765504391437e-05
4.4676716804525896e-05 0.5363410849232171 4.538195781345067e-05
4.0278423620618594e-05 0.6244641506711881 4.090530451744062e-05
3.880555140227671e-05 0.6329774328029374 3.936974420941653e-05
0.5832757415906581
1619519960.9020371

nr exec = 10 nr_gen = 1000 pop_size = 200
best_sol = [3.188303568000514e-05, -0.0001633371939215817, -9.647032597722994e-06, 6.937784955793723e-05, 0.00013954945803815486]
1.033145958118098e-05 0.4314601744896064 9.09172707874717e-05
7.73545221566252e-06 0.39704704627298343 9.267123907363839e-05
9.835742274570217e-06 0.4255194768769364 9.115273263186434e-05
9.792817672771292e-06 0.4233602490483505 9.083374760576746e-05
8.967355498157303e-06 0.45014979383980114 9.071513840162027e-05
8.017417960045256e-06 0.4130732162873691 9.082734966921653e-05
7.709980168714634e-06 0.448348903356895 9.015090079498935e-05
7.903040063705902e-06 0.40470589111976313 8.953083812812679e-05
7.808779439165568e-06 0.41690201920560294 9.01521729817192e-05
7.533112607127635e-06 0.40397951026692347 9.040911045463674e-05
0.4214546280764232
1619522337.5115864

